codigo,nome,cidade,estado,populacao,popAte9,popDe10a14,popDe15a19,popDe20a24,popDe25a34,popDe35a49,popDe50a59,popMaisDe60,domiciliosA1,domiciliosA2,domiciliosB1,domiciliosB2,domiciliosC1,domiciliosC2,domiciliosD,domiciliosE,rendaMedia,faturamento,potencial
3304557060,Abolição,Rio de Janeiro,RJ,11676,1027,483,688,800,1675,2300,1784,2919,0,145,715,1242,1093,758,92,304,2501,932515,Medio
3304557138,Acari,Rio de Janeiro,RJ,27564,5131,2188,2697,2630,4810,5308,2403,2397,0,0,82,506,2040,2490,827,2506,931,588833,Baixo
3304557057,Água Santa,Rio de Janeiro,RJ,9003,883,399,597,762,1755,2076,1112,1419,0,96,404,652,644,522,77,254,2391,874200,Baixo
3304557031,Alto Da Boa Vista,Rio de Janeiro,RJ,9606,1072,538,660,685,1317,2007,1341,1986,114,178,393,517,945,584,137,286,3727,912226,Medio
3304557125,Anchieta,Rio de Janeiro,RJ,57222,7677,3774,4892,4600,8660,12272,7157,8190,0,0,1089,2821,5110,5422,1073,3261,1380,553020,Medio
3304557034,Andaraí,Rio de Janeiro,RJ,40476,3528,1703,2564,2753,5993,8071,6022,9842,290,1245,3647,3321,3289,2419,304,1059,3443,1204467,Alto
3304557082,Anil,Rio de Janeiro,RJ,24855,2427,1227,1777,1804,3730,5573,3556,4761,355,759,1771,1863,1902,1155,326,424,,1092081,Baixo
3304557115,Bancários,Rio de Janeiro,RJ,12864,1532,670,963,1076,2083,2829,1598,2113,0,82,491,750,1313,1177,172,352,1962,808554,Baixo
3304557099,Bangu,Rio de Janeiro,RJ,249987,32651,15949,20926,20146,37750,53090,31246,38229,0,496,5246,13274,24363,22447,4564,11109,1550,35465,Alto
3304557131,Barra Da Tijuca,Rio de Janeiro,RJ,139761,13038,5225,7432,8627,21914,32089,21058,30378,13408,11668,14820,5205,3437,1841,0,3897,18084,2915612,Alto
3304557143,Barra De Guaratiba,Rio de Janeiro,RJ,3678,384,205,306,297,520,824,501,641,0,0,92,220,360,225,76,270,1479,846531,Baixo
3304557139,Barros Filho,Rio de Janeiro,RJ,14446,2013,966,1283,1109,2137,3210,1726,2002,0,0,57,310,1243,1181,368,1711,895,746904,Baixo
3304557028,Benfica,Rio de Janeiro,RJ,25789,3340,1524,1848,2213,4614,5612,2905,3733,0,0,250,1250,2460,2430,414,1447,1294,662520,Baixo
3304557079,Bento Ribeiro,Rio de Janeiro,RJ,44941,4477,2275,3191,3198,6325,9378,6333,9764,0,353,1897,3213,4450,3726,521,1630,2048,856901,Alto
3304557037,Bonsucesso,Rio de Janeiro,RJ,19237,1795,854,1292,1347,2814,3917,2698,4520,0,0,957,1413,2519,1318,187,692,1944,851362,Medio
3304557014,Botafogo,Rio de Janeiro,RJ,85229,6278,2608,4410,5911,14697,18262,12026,21037,3669,5165,11669,6106,5289,3009,371,1853,8316,2211985,Alto
3304557042,Brás De Pina,Rio de Janeiro,RJ,60893,6812,3350,4778,4801,9037,12955,7746,11414,0,494,1716,3817,6026,4216,610,3385,1874,755073,Alto
3304557055,Cachambi,Rio de Janeiro,RJ,43591,3815,1905,2580,2874,6564,9626,6261,9966,146,690,3812,3957,3659,1882,233,1575,2963,1182272,Alto
3304557111,Cacuia,Rio de Janeiro,RJ,11325,1256,588,817,811,1775,2533,1456,2089,0,71,473,903,1161,712,120,558,2022,852714,Baixo
3304557004,Caju,Rio de Janeiro,RJ,21055,3368,1441,1771,2131,3565,4362,1927,2490,0,0,115,548,1956,2022,424,1810,1037,635348,Baixo
3304557132,Camorim,Rio de Janeiro,RJ,2025,282,120,155,175,460,452,207,174,4,52,144,104,132,132,35,92,2929,876113,Baixo
3304557068,Campinho,Rio de Janeiro,RJ,10441,1180,559,743,717,1608,2227,1294,2113,0,111,652,749,958,681,106,419,2377,878140,Baixo
3304557094,Campo Dos Afonsos,Rio de Janeiro,RJ,1403,208,125,166,103,125,570,72,34,0,114,168,88,24,3,0,2,5876,935061,Medio
3304557102,Campo Grande,Rio de Janeiro,RJ,667603,122578,55935,62342,60567,86116,105316,83341,91408,0,1389,11747,21237,33111,25779,4956,12944,1856,69645,Alto
3304557072,Cascadura,Rio de Janeiro,RJ,35428,4212,1958,2634,2594,5242,7111,4647,7030,0,65,1367,2356,3513,3015,513,1278,1796,796395,Medio
3304557012,Catete,Rio de Janeiro,RJ,24737,1926,858,1295,1659,4173,5182,3284,6360,345,845,2599,2474,2581,1265,162,771,4283,1073403,Alto
3304557005,Catumbi,Rio de Janeiro,RJ,12910,1773,805,1018,999,1985,2526,1516,2288,0,18,261,640,1281,1140,229,703,,791170,Baixo
3304557070,Cavalcanti,Rio de Janeiro,RJ,16597,2079,1011,1299,1273,2411,3502,1998,3024,0,0,335,988,1755,1384,329,794,1499,774667,Baixo
3304557001,Centro,Rio de Janeiro,RJ,42277,2685,1274,2031,2895,7217,9362,6334,10479,0,343,3014,5061,6387,3628,693,1684,2186,825608,Alto
3304557084,Cidade De Deus,Rio de Janeiro,RJ,37544,5893,2710,3486,3170,5628,8115,3712,4830,0,0,304,1607,3368,4180,732,1887,1244,488021,Baixo
3304557007,Cidade Nova,Rio de Janeiro,RJ,5621,664,303,411,421,961,1143,728,990,0,18,203,381,674,477,72,221,1809,837355,Baixo
3304557123,Cidade Universitária,Rio de Janeiro,RJ,1442,181,112,143,124,202,374,151,155,0,3,45,146,159,64,8,23,1934,855182,Baixo
3304557114,Cocotá,Rio de Janeiro,RJ,5012,382,218,282,345,759,1042,769,1215,0,113,374,447,467,257,27,124,2927,912281,Baixo
3304557137,Coelho Neto,Rio de Janeiro,RJ,33338,3923,1966,2517,2280,4796,7294,4280,6282,0,0,488,2295,3573,2820,470,2044,1425,702967,Baixo
3304557067,Colégio,Rio de Janeiro,RJ,30071,4181,1904,2330,2467,4745,6445,3647,4352,0,0,248,1379,2845,3259,562,1738,1221,621314,Baixo
3304557157,Complexo Do Alemão,Rio de Janeiro,RJ,71095,11784,5186,6566,6735,12449,14892,6445,7038,0,0,288,1894,5421,7929,1768,5013,1010,88790,Medio
3304557018,Copacabana,Rio de Janeiro,RJ,150524,8562,3727,6383,9168,21814,27567,21858,51445,5740,9218,19350,13160,10982,5482,998,5122,7381,2384494,Alto
3304557043,Cordovil,Rio de Janeiro,RJ,46478,5729,2893,3768,3850,7146,9369,5598,8125,0,0,1047,2433,4599,4053,723,2601,1480,645088,Medio
3304557013,Cosme Velho,Rio de Janeiro,RJ,7380,837,401,525,563,1073,1511,1034,1436,291,334,526,287,361,438,75,187,8425,1041359,Medio
3304557105,Cosmos,Rio de Janeiro,RJ,79116,11524,5711,7144,6478,12238,17705,8477,9839,0,0,1032,3321,7860,7050,1914,4347,1308,219983,Medio
3304557140,Costa Barros,Rio de Janeiro,RJ,29244,5092,2300,2869,2493,4594,5959,2937,3000,0,0,123,631,2252,2624,632,2940,925,607957,Baixo
3304557085,Curicica,Rio de Janeiro,RJ,32069,3979,1912,2679,2492,5034,7247,3936,4790,0,117,1009,2342,3345,2339,511,1041,1892,748387,Medio
3304557148,Del Castilho,Rio de Janeiro,RJ,16051,1740,831,1140,1182,2496,3231,2052,3379,0,80,588,1118,1481,1243,166,828,1889,846146,Baixo
3304557092,Deodoro,Rio de Janeiro,RJ,11148,1512,818,956,831,1594,2339,1391,1707,0,11,203,511,916,962,177,712,1416,808624,Baixo
3304557058,Encantado,Rio de Janeiro,RJ,15445,1463,756,1053,1177,2272,3206,2197,3321,0,169,797,1483,1418,949,167,550,2342,916012,Medio
3304557071,Engenheiro Leal,Rio de Janeiro,RJ,6287,775,379,537,530,997,1341,782,946,0,0,121,343,627,603,89,216,1517,818442,Baixo
3304557150,Engenho Da Rainha,Rio de Janeiro,RJ,27411,3235,1634,2037,1879,4404,5649,3510,5063,0,0,839,1908,2747,1885,356,1746,1620,805559,Medio
3304557056,Engenho De Dentro,Rio de Janeiro,RJ,46584,4626,2233,3107,3259,6866,9607,6492,10394,0,572,2451,3272,4174,4040,384,1815,2260,903559,Alto
3304557051,Engenho Novo,Rio de Janeiro,RJ,43362,4830,2351,3163,3232,6691,9332,5771,7992,0,549,2376,3059,3959,2559,498,2109,2325,932007,Alto
3304557008,Estácio,Rio de Janeiro,RJ,17675,2246,980,1367,1462,2861,3712,2023,3024,0,50,538,907,1760,1584,310,949,1631,764380,Baixo
3304557009,Flamengo,Rio de Janeiro,RJ,51456,2612,1241,2044,3049,8071,9582,7426,17431,3253,3648,7334,4041,3677,1434,184,986,10619,1981817,Alto
3304557116,Freguesia (Ilha Do Governador),Rio de Janeiro,RJ,19984,2311,1124,1497,1642,3320,4447,2419,3224,0,200,931,1243,1864,1815,304,623,2125,796321,Medio
3304557086,Freguesia (Jacarepaguá),Rio de Janeiro,RJ,72501,7991,3709,5257,5159,10923,16875,9607,12980,698,2569,6042,4941,5055,3919,704,1670,,1297388,Medio
3304557122,Galeão,Rio de Janeiro,RJ,23620,3638,1724,2411,1922,3839,5685,2268,2133,0,85,767,1083,2007,2005,348,979,1740,684686,Medio
3304557002,Gamboa,Rio de Janeiro,RJ,13480,1905,933,1140,1233,2195,2879,1491,1704,0,0,91,480,1334,1253,240,1025,1133,736698,Baixo
3304557083,Gardênia Azul,Rio de Janeiro,RJ,18215,2493,1176,1521,1667,3465,4188,1868,1837,32,66,286,788,2065,2199,414,540,1837,641865,Baixo
3304557023,Gávea,Rio de Janeiro,RJ,16455,1210,546,869,1162,2518,3307,2575,4268,1343,1173,1766,979,776,457,0,311,16449,1430429,Alto
3304557160,Gericinó,Rio de Janeiro,RJ,15596,455,201,889,3722,5714,3598,665,352,0,0,26,104,204,279,67,149,1225,757466,Baixo
3304557010,Glória,Rio de Janeiro,RJ,9935,495,254,419,634,1650,2046,1583,2854,95,326,1295,1221,1218,427,39,187,4011,1004569,Medio
3304557035,Grajaú,Rio de Janeiro,RJ,39762,3570,1607,2310,2629,5733,8312,5731,9870,737,1516,4647,2968,2333,1740,259,865,6194,1409134,Alto
3304557136,Grumari,Rio de Janeiro,RJ,173,33,13,22,17,28,38,10,12,0,0,0,0,5,17,8,16,654,835491,Baixo
3304557124,Guadalupe,Rio de Janeiro,RJ,48475,5665,2777,3497,3435,7196,10091,6361,9453,0,115,1257,2835,4290,3527,749,3968,1483,779768,Medio
3304557142,Guaratiba,Rio de Janeiro,RJ,112994,18088,8474,10307,9069,18732,25269,10811,12244,0,0,1429,4066,9306,11066,2289,7258,1237,69304,Medio
3304557145,Higienópolis,Rio de Janeiro,RJ,16177,1516,748,1016,1174,2488,3497,2327,3411,0,141,857,1464,1740,1030,87,432,2336,897049,Medio
3304557077,Honório Gurgel,Rio de Janeiro,RJ,22609,2916,1390,1809,1664,3327,4721,2767,4015,0,0,387,1378,2120,2394,427,1044,1403,722087,Baixo
3304557016,Humaitá,Rio de Janeiro,RJ,13660,911,349,571,787,2256,2922,2237,3627,799,1139,2136,921,564,313,85,204,9504,1289705,Alto
3304557149,Inhaúma,Rio de Janeiro,RJ,46989,6423,2857,3532,3436,7242,9478,5728,8293,0,0,935,2417,4077,3771,849,3908,1329,688001,Medio
3304557104,Inhoaíba,Rio de Janeiro,RJ,66391,10030,4960,6307,5418,10477,14243,7205,7751,0,0,597,3086,5360,6701,1278,4041,1227,346884,Medio
3304557019,Ipanema,Rio de Janeiro,RJ,43948,3061,1311,1957,2395,5854,8665,6344,14361,4213,3432,4478,2323,2141,1369,117,1460,17188,1962438,Alto
3304557066,Irajá,Rio de Janeiro,RJ,99102,9633,4743,6564,6855,14400,20477,14384,22046,0,636,4874,8325,10129,6948,1222,3103,2140,1030856,Alto
3304557130,Itanhangá,Rio de Janeiro,RJ,39500,6110,2450,3224,3863,8203,9317,3403,2930,429,342,971,2016,4488,3625,716,972,4313,493011,Alto
3304557146,Jacaré,Rio de Janeiro,RJ,9538,1326,629,763,712,1547,1921,1108,1532,0,15,161,492,633,792,197,540,,822849,Baixo
3304557081,Jacarepaguá,Rio de Janeiro,RJ,161748,24961,10376,13874,16321,32572,35693,14500,13451,422,1244,3405,7984,17034,15909,3178,6837,2160,94671,Alto
3304557155,Jacarezinho,Rio de Janeiro,RJ,38908,5861,2687,3451,3777,6790,8163,3992,4187,0,0,246,1113,2656,3974,795,3254,1023,527702,Baixo
3304557046,Jardim América,Rio de Janeiro,RJ,25937,2647,1374,1993,2311,3881,5665,3468,4598,0,0,754,1511,2494,1943,433,1488,1574,795412,Baixo
3304557022,Jardim Botânico,Rio de Janeiro,RJ,18517,1602,664,945,1008,2788,4135,2822,4553,1641,1273,1913,1108,815,361,0,289,17984,1491476,Alto
3304557118,Jardim Carioca,Rio de Janeiro,RJ,25549,3007,1320,1827,1992,4168,5526,3316,4393,0,83,1325,1481,2649,2172,377,875,1943,795430,Medio
3304557117,Jardim Guanabara,Rio de Janeiro,RJ,33122,2706,1327,1912,2154,4899,7302,4921,7901,809,1824,4160,2202,1529,798,265,393,6499,1448872,Alto
3304557095,Jardim Sulacap,Rio de Janeiro,RJ,13431,1379,713,929,847,2044,3325,1837,2357,0,265,1278,1163,983,575,78,313,3039,959473,Medio
3304557129,Joá,Rio de Janeiro,RJ,842,61,29,35,46,131,192,132,216,79,59,57,33,7,8,0,20,17659,1162364,Medio
3304557021,Lagoa,Rio de Janeiro,RJ,21795,1794,708,1054,1252,2943,4812,3594,5638,2916,2140,1931,697,365,306,0,469,63887,1775547,Alto
3304557011,Laranjeiras,Rio de Janeiro,RJ,46839,3463,1529,2340,2814,7145,9917,6877,12754,2423,3297,5831,3467,3029,1180,118,557,8980,1762798,Alto
3304557020,Leblon,Rio de Janeiro,RJ,47342,3134,1380,2131,2390,6177,9519,7181,15430,5423,3532,5342,1863,1890,917,217,1595,14738,2119774,Alto
3304557017,Leme,Rio de Janeiro,RJ,15216,1100,570,739,961,2391,2917,2080,4458,815,1106,1298,1009,1021,615,95,650,8861,1184553,Alto
3304557052,Lins De Vasconcelos,Rio de Janeiro,RJ,38547,4302,2053,2704,2720,5787,8563,4990,7428,0,290,2064,2382,2922,2114,380,2855,2038,932622,Alto
3304557073,Madureira,Rio de Janeiro,RJ,51520,5608,2812,3753,3907,7548,10437,7068,10387,0,110,1747,4124,5487,3566,834,2032,1848,835847,Alto
3304557096,Magalhães Bastos,Rio de Janeiro,RJ,25119,3040,1460,2044,2038,3741,5282,3311,4203,0,63,393,1766,2544,2230,357,1226,1550,754735,Baixo
3304557027,Mangueira,Rio de Janeiro,RJ,18340,3282,1427,1664,1680,2925,3483,1893,1986,0,0,99,475,1268,1837,380,1329,1045,711591,Baixo
3304557036,Manguinhos,Rio de Janeiro,RJ,37180,6837,3025,3364,3342,6766,7832,3256,2758,0,0,117,861,3179,4128,975,2007,1039,404476,Baixo
3304557032,Maracanã,Rio de Janeiro,RJ,25969,1696,843,1370,1921,4020,5134,4124,6861,739,1695,3191,1924,1522,877,0,497,,1384873,Baixo
3304557158,Maré,Rio de Janeiro,RJ,133432,22021,9536,12193,12618,24528,29204,11868,11464,0,0,640,4262,12818,15295,2977,8274,1107,24651,Medio
3304557080,Marechal Hermes,Rio de Janeiro,RJ,49419,5878,2837,3799,3699,7139,10280,6634,9153,0,117,1515,2985,4678,4447,931,2281,1675,726430,Alto
3304557147,Maria Da Graça,Rio de Janeiro,RJ,8198,782,364,479,514,1292,1720,1171,1876,0,102,603,721,842,476,41,206,2612,905395,Baixo
3304557053,Méier,Rio de Janeiro,RJ,51234,3371,1719,2751,3246,6801,9850,8170,15326,510,1873,5463,5089,3911,1570,131,1356,4671,1626856,Alto
3304557120,Moneró,Rio de Janeiro,RJ,6381,455,248,327,391,1005,1345,932,1678,0,245,828,645,419,162,30,84,3669,978197,Medio
3304557039,Olaria,Rio de Janeiro,RJ,59136,6058,2939,3925,4016,8517,12453,7775,13453,0,423,2819,4396,6318,4145,697,2226,2104,860621,Alto
3304557078,Oswaldo Cruz,Rio de Janeiro,RJ,35000,3420,1904,2477,2462,4867,7325,5027,7518,0,179,1446,2409,3848,2543,413,1635,1952,858291,Medio
3304557106,Paciência,Rio de Janeiro,RJ,97298,14810,7157,8957,7881,15238,20462,10862,11931,0,0,951,4010,8613,9091,1902,5853,1241,167586,Medio
3304557098,Padre Miguel,Rio de Janeiro,RJ,66040,8181,3877,5208,4835,9800,13956,8811,11372,0,83,1748,4125,6651,5842,1199,2785,1602,629794,Alto
3304557153,Paquetá,Rio de Janeiro,RJ,3270,369,158,229,195,389,566,492,872,0,10,115,244,380,329,65,108,1696,854818,Baixo
3304557044,Parada De Lucas,Rio de Janeiro,RJ,24598,3461,1605,2363,2498,4000,4785,2400,3486,0,0,209,686,1981,2763,420,1582,1113,630075,Baixo
3304557126,Parque Anchieta,Rio de Janeiro,RJ,26951,3177,1552,2074,1876,4033,5963,3335,4941,0,0,681,1789,3055,2100,243,1125,1679,744303,Medio
3304557154,Parque Columbia,Rio de Janeiro,RJ,9462,1318,672,871,707,1396,2169,1012,1317,0,0,143,511,1022,651,195,592,1374,789315,Baixo
3304557141,Pavuna,Rio de Janeiro,RJ,100006,14409,6774,8267,7615,15427,21319,11714,14481,0,0,1786,4785,10037,8612,1998,5707,1384,258464,Medio
3304557087,Pechincha,Rio de Janeiro,RJ,35689,3614,1675,2290,2363,5930,8039,5077,6701,0,755,3512,3130,2895,1541,144,1249,3089,1121587,Alto
3304557144,Pedra De Guaratiba,Rio de Janeiro,RJ,9666,1139,535,715,690,1415,2068,1284,1820,0,0,231,662,876,783,150,532,1522,832018,Baixo
3304557040,Penha,Rio de Janeiro,RJ,80900,9269,4616,7545,8520,12940,15618,9160,13232,0,239,2129,4629,7639,6086,1082,3563,1682,593191,Alto
3304557041,Penha Circular,Rio de Janeiro,RJ,49165,5348,2662,4045,3936,7353,9601,6349,9871,0,348,1893,3750,3988,3411,459,2662,2005,908998,Alto
3304557059,Piedade,Rio de Janeiro,RJ,44603,4657,2192,3121,3246,6454,9487,6121,9325,0,95,2107,3222,4470,3969,500,1412,1944,808082,Alto
3304557061,Pilares,Rio de Janeiro,RJ,28018,3008,1476,1999,1993,4011,5830,3820,5881,0,0,913,1659,2729,1997,456,2074,1535,826523,Baixo
3304557112,Pitangueiras,Rio de Janeiro,RJ,12088,1513,697,945,900,1838,2663,1520,2012,0,93,330,564,1076,1049,185,858,1688,810599,Baixo
3304557121,Portuguesa,Rio de Janeiro,RJ,24529,2372,1165,1547,1837,3883,5036,3204,5485,0,330,1650,2109,2156,1471,287,805,2511,950834,Medio
3304557029,Praça Da Bandeira,Rio de Janeiro,RJ,8908,643,321,501,593,1340,1884,1281,2345,124,298,939,892,628,537,75,140,5324,1005886,Medio
3304557090,Praça Seca,Rio de Janeiro,RJ,65958,8037,3784,5024,4694,10060,13880,8260,12219,0,484,3359,4409,6273,4442,780,2418,2162,848230,Alto
3304557113,Praia Da Bandeira,Rio de Janeiro,RJ,6116,622,276,356,407,1129,1360,761,1205,0,85,452,639,629,244,38,177,2699,893640,Baixo
3304557069,Quintino Bocaiúva,Rio de Janeiro,RJ,32064,3322,1700,2162,2310,4733,6797,4385,6655,0,264,1151,2315,3451,2773,331,910,2038,806166,Medio
3304557038,Ramos,Rio de Janeiro,RJ,41943,4289,2161,2900,2956,6495,9223,5495,8424,0,238,1799,3163,5001,3269,272,1167,2053,766893,Alto
3304557097,Realengo,Rio de Janeiro,RJ,185206,23513,11337,14883,14252,27747,39378,23702,30394,0,242,4551,11214,18442,16361,3661,8364,1576,89769,Alto
3304557135,Recreio Dos Bandeirantes,Rio de Janeiro,RJ,84538,10102,4229,5804,6423,14960,20404,10651,11965,2815,4307,7544,4011,4747,3339,800,2484,8407,1596252,Alto
3304557049,Riachuelo,Rio de Janeiro,RJ,13009,1094,515,760,882,1900,2707,1972,3179,0,154,776,1407,1397,693,102,280,2541,934074,Medio
3304557109,Ribeira,Rio de Janeiro,RJ,3629,339,150,205,229,482,771,578,875,0,117,374,315,290,112,23,109,3420,928239,Baixo
3304557127,Ricardo De Albuquerque,Rio de Janeiro,RJ,30137,3735,1842,2490,2251,4436,6721,3798,4864,0,0,478,1561,2456,2588,401,2873,1227,720444,Baixo
3304557006,Rio Comprido,Rio de Janeiro,RJ,44998,5332,2397,3448,3757,7160,9375,5527,8002,0,387,2119,2775,3715,3930,617,1681,,789463,Baixo
3304557048,Rocha,Rio de Janeiro,RJ,9012,713,416,561,589,1293,2051,1317,2072,0,109,663,950,891,388,85,232,2667,922967,Medio
3304557076,Rocha Miranda,Rio de Janeiro,RJ,45436,5371,2604,3448,3367,6721,9449,6121,8355,0,0,1004,3223,4767,3922,556,2297,1570,710341,Medio
3304557156,Rocinha,Rio de Janeiro,RJ,71315,11817,4576,6527,7855,14629,15004,5968,4939,0,0,149,2298,6761,8969,1402,5242,1037,59273,Medio
3304557050,Sampaio,Rio de Janeiro,RJ,11203,1519,667,908,964,1839,2366,1224,1716,0,49,290,615,877,1014,157,430,1751,806674,Baixo
3304557107,Santa Cruz,Rio de Janeiro,RJ,223440,35572,16403,20998,18090,34697,46774,23878,27028,0,0,2057,8310,18161,22160,4572,14833,1188,43346,Medio
3304557128,Santa Teresa,Rio de Janeiro,RJ,42081,4341,2130,2887,3499,7584,9814,5201,6625,150,453,2290,2790,4882,3508,615,1565,2287,703465,Alto
3304557101,Santíssimo,Rio de Janeiro,RJ,42629,5738,2720,3708,3296,6650,9887,5049,5581,0,0,672,2287,4163,4281,722,1796,1400,536367,Medio
3304557003,Santo Cristo,Rio de Janeiro,RJ,12678,1629,728,962,1039,2114,2749,1554,1903,0,0,121,537,1436,1208,193,823,1237,752007,Baixo
3304557025,São Conrado,Rio de Janeiro,RJ,11290,885,500,661,726,1464,2463,1741,2850,939,956,744,418,432,356,37,207,17650,1330747,Medio
3304557026,São Cristóvão,Rio de Janeiro,RJ,25371,2676,1260,1788,1956,3902,5406,3340,5043,0,118,1207,1750,2853,1811,335,1040,1946,828172,Medio
3304557047,São Francisco Xavier,Rio de Janeiro,RJ,8578,972,502,613,758,1417,1764,1092,1460,0,92,480,701,666,581,131,358,2317,878830,Baixo
3304557152,Saúde,Rio de Janeiro,RJ,2827,281,153,160,251,574,590,343,475,0,0,44,125,263,293,53,225,1222,828677,Baixo
3304557100,Senador Camará,Rio de Janeiro,RJ,108492,15597,7178,9358,9024,16818,22481,12713,15323,0,60,1679,4459,9656,10096,2173,7987,1287,197681,Medio
3304557103,Senador Vasconcelos,Rio de Janeiro,RJ,31463,4094,2048,2746,2405,4951,6955,3854,4410,0,0,602,2028,2988,2803,502,1499,1513,689701,Baixo
3304557108,Sepetiba,Rio de Janeiro,RJ,58172,9222,4258,5189,4395,8075,11859,6616,8558,0,0,423,2186,4931,5847,1133,4395,1139,450723,Medio
3304557089,Tanque,Rio de Janeiro,RJ,38925,4782,2256,2951,2968,6188,8480,4953,6347,0,106,1771,2493,3803,2937,720,1490,1897,778067,Medio
3304557088,Taquara,Rio de Janeiro,RJ,105009,11084,5474,7981,8028,16085,23292,14297,18768,142,899,6441,7581,9678,6934,1111,3111,2986,1014058,Alto
3304557119,Tauá,Rio de Janeiro,RJ,30403,4008,1783,2398,2442,4930,6505,3601,4736,0,138,1081,1651,2673,2467,436,1962,1704,752629,Medio
3304557030,Tijuca,Rio de Janeiro,RJ,168267,13033,6405,9750,10968,23657,33313,23892,47249,4351,8306,19076,11631,10755,6539,1280,3723,7844,2157079,Alto
3304557054,Todos Os Santos,Rio de Janeiro,RJ,25341,1998,1039,1454,1589,3636,5685,3910,6030,0,1057,2976,2350,1956,772,0,212,4001,1200769,Alto
3304557151,Tomás Coelho,Rio de Janeiro,RJ,23316,3089,1393,1852,1791,3737,4931,2746,3777,0,0,632,1434,2324,2303,305,1014,1567,722040,Baixo
3304557075,Turiaçu,Rio de Janeiro,RJ,17734,2453,1087,1465,1409,2620,3713,2231,2756,0,0,502,1155,1667,1481,238,770,1652,798206,Baixo
3304557015,Urca,Rio de Janeiro,RJ,7260,649,340,471,499,892,1896,915,1598,417,592,862,329,224,156,0,125,10573,1126244,Medio
3304557134,Vargem Grande,Rio de Janeiro,RJ,14436,2125,1003,1262,1149,2492,3250,1599,1556,14,115,501,499,1288,1335,273,711,1884,768425,Baixo
3304557133,Vargem Pequena,Rio de Janeiro,RJ,28018,4547,2026,2703,2602,5010,6512,2431,2187,31,160,693,911,2588,2895,497,1154,1740,560631,Medio
3304557159,Vasco Da Gama,Rio de Janeiro,RJ,15908,1909,878,1182,1320,2667,3381,1885,2686,0,32,467,846,1612,1474,302,935,1550,767430,Baixo
3304557074,Vaz Lobo,Rio de Janeiro,RJ,15595,1908,888,1149,1260,2534,3300,1939,2617,0,0,451,892,1410,1345,259,839,1580,797801,Baixo
3304557063,Vicente De Carvalho,Rio de Janeiro,RJ,25668,3363,1615,2107,1847,3933,5318,3119,4366,0,137,576,1399,2210,2482,637,1362,1598,738591,Baixo
3304557024,Vidigal,Rio de Janeiro,RJ,13158,1907,904,1139,1165,2245,2948,1417,1433,18,47,124,367,1386,1647,149,827,1495,700834,Baixo
3304557045,Vigário Geral,Rio de Janeiro,RJ,43000,6229,3049,4189,3789,6424,8806,4738,5776,0,0,725,1429,3097,3726,933,3497,1184,623144,Baixo
3304557064,Vila Da Penha,Rio de Janeiro,RJ,26183,2152,992,1456,1665,3678,5542,4096,6602,0,520,2449,2388,2333,1236,189,631,2989,1100481,Alto
3304557033,Vila Isabel,Rio de Janeiro,RJ,88426,8117,4021,5750,6128,13459,18234,12029,20688,1417,2352,7949,6209,6402,5244,966,2441,5118,1528242,Alto
3304557062,Vila Kosmos,Rio de Janeiro,RJ,18791,1802,921,1442,1462,2500,3944,2920,3800,0,259,774,1363,1923,1379,190,405,2316,901446,Medio
3304557093,Vila Militar,Rio de Janeiro,RJ,13556,1888,787,1042,982,2542,2908,1528,1879,0,219,714,828,1051,1012,116,465,2416,849731,Medio
3304557091,Vila Valqueire,Rio de Janeiro,RJ,33190,3166,1619,2255,2326,4752,7183,4950,6939,0,906,2866,2241,2982,1200,360,772,3189,1127042,Alto
3304557065,Vista Alegre,Rio de Janeiro,RJ,8867,724,387,580,565,1205,1812,1474,2120,0,87,556,836,940,484,75,214,2418,921875,Baixo
3304557110,Zumbi,Rio de Janeiro,RJ,2072,175,74,120,121,318,417,314,533,0,89,234,177,147,72,10,47,3791,919451,Baixo
355030251,A. E. Carvalho,São Paulo,SP,94034,12668,6853,9836,7487,14535,21549,10598,10508,0,253,2197,4368,6681,7011,2247,5670,1501,,
35503020,Aclimação,São Paulo,SP,32791,2297,1017,2096,2197,5341,7281,4917,7645,1413,1734,3704,2351,1946,827,291,1617,5920,,
355030285,Adventista,São Paulo,SP,104193,15070,7343,10631,8657,17749,23364,11567,9812,0,0,1423,4875,8595,10082,3111,5776,1284,,
35503088,Água Branca,São Paulo,SP,12721,953,343,627,819,2142,2833,1790,3214,624,667,1558,1032,915,361,84,404,6278,,
35503066,Água Funda,São Paulo,SP,48417,5078,2396,4018,3571,7388,10751,6648,8567,0,303,1794,2986,4489,2836,1104,2553,1905,,
35503052,Água Rasa,São Paulo,SP,26134,2102,996,1694,1553,3625,5837,4026,6301,559,866,2367,1906,1347,974,173,1510,5907,,
355030245,Águia De Haia,São Paulo,SP,48398,5745,2883,4321,3505,7113,10613,6347,7871,0,63,1881,2773,3800,3430,874,2798,1729,,
35503097,Alfredo Pujol,São Paulo,SP,39310,2720,1317,2422,2351,5431,8457,6448,10164,1556,1995,4558,2845,2081,1083,13,1561,6586,,
355030146,Alto Da Lapa,São Paulo,SP,15551,1160,507,911,757,1967,3557,2207,4485,839,825,1485,934,777,577,87,379,8303,,
35503037,Alto Da Mooca,São Paulo,SP,18304,1486,651,1157,1021,2360,4134,2678,4817,302,778,2150,1345,984,767,107,566,4841,,
355030141,Alto De Pinheiros,São Paulo,SP,8046,564,287,502,403,828,1749,1254,2459,846,494,630,253,143,98,0,236,12793,,
35503048,Ana Rosa,São Paulo,SP,24889,1446,661,1374,1716,4861,5421,3834,5576,993,1571,3627,1513,1426,550,203,1367,6075,,
355030230,Anhanguera,São Paulo,SP,14818,2063,1142,1640,1185,2053,4221,1567,947,0,0,277,858,1360,1287,259,582,1522,,
355030111,Aricanduva,São Paulo,SP,49365,4910,2536,3829,3142,6932,10928,6722,10366,87,255,2458,3258,3380,3007,578,3418,2313,,
3550309,Armênia,São Paulo,SP,7700,985,436,635,713,1510,1541,779,1101,0,42,297,375,449,318,89,659,1795,,
355030181,Artur Alvim,São Paulo,SP,75865,8338,4066,6156,5262,12258,16270,9892,13623,0,0,2838,6428,6410,5770,1657,3329,1821,,
35503076,Bandeirantes,São Paulo,SP,11049,726,303,512,597,1790,2544,1765,2812,906,783,1450,497,444,287,0,616,8244,,
35503087,Barra Funda,São Paulo,SP,320,19,12,18,21,46,68,52,84,2,3,14,24,26,12,5,24,1956,,
35503022,Bela Vista,São Paulo,SP,17642,992,415,853,1155,3078,3634,2660,4855,1232,1297,2380,966,869,361,152,607,7887,,
35503031,Belém,São Paulo,SP,20907,1910,911,1336,1467,3031,4444,3003,4805,292,667,1809,1750,1136,791,92,795,4366,,
355030136,Berrini - Vila Funchal,São Paulo,SP,8499,823,249,407,500,1974,2152,1030,1364,683,683,1028,357,414,179,0,446,10313,,
35503023,Bexiga,São Paulo,SP,34542,2912,1256,2291,3035,7070,7898,4379,5701,266,719,3010,3205,3383,2397,436,1382,3211,,
355030142,Boçava,São Paulo,SP,18431,1429,666,1161,964,2337,4186,2773,4915,1585,1012,1669,873,670,410,0,918,9800,,
3550307,Bom Retiro,São Paulo,SP,11250,1580,648,914,1000,1972,2320,1215,1601,0,63,431,539,704,532,178,1322,1598,,
355030218,Bonfiglioli,São Paulo,SP,35054,3030,1330,2184,2238,5799,7830,5007,7636,774,1315,3831,2254,1539,947,302,2113,4684,,
355030293,Bororé,São Paulo,SP,13537,2255,1164,1573,1124,1950,2890,1448,1133,0,0,79,460,986,1036,485,1076,1054,,
35503071,Bosque Da Saúde,São Paulo,SP,32212,2784,1121,1806,1822,5344,7891,4903,6541,1351,1827,3450,1923,1465,735,135,2065,7899,,
35503013,Brás,São Paulo,SP,11768,1099,590,932,810,2043,2756,1699,1839,0,120,875,1288,1026,551,128,588,2409,,
355030161,Brasilândia,São Paulo,SP,64673,7593,3881,5858,4829,9605,14551,8335,10021,0,0,2262,4513,5772,5199,1249,2395,1764,,
35503014,Bresser,São Paulo,SP,8220,935,364,614,823,1642,1833,959,1050,0,63,350,534,746,702,133,612,1796,,
355030134,Brooklin,São Paulo,SP,29180,2307,815,1419,1369,4455,6854,4516,7445,2404,2231,3455,1431,1205,498,0,1250,8427,,
355030217,Butantã,São Paulo,SP,18076,1158,511,989,1122,2560,3629,2624,5483,735,793,1480,1304,860,455,0,1105,5810,,
355030165,Cachoeirinha,São Paulo,SP,80996,9392,4605,7149,5929,12761,18420,10495,12245,0,603,4521,5835,6236,5325,993,3393,2224,,
35503017,Cambuci,São Paulo,SP,18608,2171,840,1263,1281,3322,4227,2265,3239,165,348,1641,1278,1403,991,232,459,3946,,
355030127,Campo Belo,São Paulo,SP,10060,608,258,448,547,1475,2144,1584,2996,693,626,1242,522,503,171,39,267,11047,,
355030197,Campo Grande,São Paulo,SP,35159,3962,1875,2765,2319,5896,8411,4674,5257,0,498,2907,2277,2146,1577,532,2358,2493,,
355030280,Campo Limpo,São Paulo,SP,40709,4859,2462,3616,3103,6530,9120,5065,5954,0,226,1626,2297,3615,2478,745,2153,1907,,
355030241,Cangaíba,São Paulo,SP,50281,5018,2637,4144,3665,7181,11456,6749,9431,0,160,2659,3792,3816,3514,797,2167,2048,,
35503011,Canindé,São Paulo,SP,1171,150,58,94,99,170,199,153,248,0,3,31,39,74,77,20,88,1482,,
355030237,Cantareira,São Paulo,SP,613,58,32,54,28,67,139,73,162,0,0,9,24,42,38,11,24,1365,,
355030284,Capão Redondo,São Paulo,SP,62049,7662,3931,5610,4791,10083,14257,7486,8229,0,199,2541,3928,5042,4576,1500,2907,1821,,
355030299,Capivari - Monos,São Paulo,SP,2938,449,265,308,188,332,617,373,406,0,0,6,102,133,230,109,352,857,,
35503083,Cardoso De Almeida,São Paulo,SP,9163,632,285,513,608,1262,1795,1446,2622,787,705,1161,315,280,95,51,204,11365,,
35503092,Casa Verde,São Paulo,SP,34188,3117,1512,2429,2297,5088,7598,5008,7139,318,929,3234,2212,2364,1545,232,1336,3862,,
35503091,Casa Verde Alta,São Paulo,SP,77356,8177,3902,6256,5582,11741,16641,10764,14293,0,849,4426,5640,5681,4438,1152,3779,2297,,
35503034,Catumbi,São Paulo,SP,9797,1081,402,762,817,1681,1894,1241,1919,40,79,340,610,662,785,65,559,2309,,
35503012,Cdc Vigor,São Paulo,SP,2686,265,114,206,187,382,534,281,717,0,15,157,146,265,150,44,192,1967,,
355030151,Ceasa,São Paulo,SP,7786,939,362,561,799,2126,1860,591,548,171,338,405,223,277,407,65,331,5403,,
355030278,Centro Empresarial,São Paulo,SP,126509,17058,8493,12346,10506,21851,29095,14114,13046,0,87,2295,5695,10321,11811,3246,8692,1324,,
355030205,Chácara Flora,São Paulo,SP,14523,1126,562,864,695,1588,3190,2349,4149,1453,917,1114,633,390,183,0,372,11500,,
355030132,Chácara Itaim,São Paulo,SP,28697,1925,662,1223,1372,4809,6024,4316,8366,4038,2107,3976,1249,980,332,0,1105,12424,,
35503046,Chácara Klabin,São Paulo,SP,16839,1381,616,1078,1025,2463,4243,2958,3075,1726,1273,1698,698,551,163,77,403,13218,,
355030203,Chácara Santo Antônio,São Paulo,SP,6320,553,215,325,309,1140,1439,847,1492,263,416,758,405,294,121,46,192,7818,,
355030194,Cidade Ademar,São Paulo,SP,60283,5595,2806,4607,4225,9411,13709,8505,11425,174,1104,3863,3913,4446,2550,775,3982,6429,,
355030271,Cidade Dutra,São Paulo,SP,49560,5790,3095,4451,3774,7653,11037,6418,7342,0,296,1865,2787,3682,3167,820,3215,1840,,
355030183,Cidade Líder,São Paulo,SP,54768,6516,3238,4985,4046,8717,12205,7022,8039,0,263,1693,3101,3717,4339,1166,3325,1677,,
355030255,Cidade Nitro-Operária,São Paulo,SP,32478,3601,1979,2918,2432,4363,7380,4119,5686,0,50,948,1975,2584,2491,640,2127,1562,,
355030118,Cidade Quarto Centenário,São Paulo,SP,47390,5495,2914,4137,3517,7150,10649,5843,7685,0,109,1135,3306,3579,3677,840,2803,1606,,
355030120,Cidade Satélite,São Paulo,SP,27006,3428,1746,2531,1917,4345,6596,3391,3052,0,0,1180,1653,2053,1392,361,2122,1722,,
355030270,Cidade Tiradentes,São Paulo,SP,226226,36395,18167,25637,18360,36577,48286,24757,18047,0,0,1389,8020,18403,21117,6680,14325,1123,,
355030219,Cidade Universitária,São Paulo,SP,4846,240,123,332,704,1337,948,631,531,222,251,423,225,135,60,0,227,7179,,
355030124,Cidade Vargas,São Paulo,SP,40368,3331,1594,2672,2466,6488,9228,5974,8615,458,1310,4288,2831,2800,1619,350,1735,3893,,
35503078,Clínicas,São Paulo,SP,22119,1179,447,898,1629,5257,4723,3167,4819,1505,1465,3593,1662,950,524,0,1649,8728,,
355030292,Cocaia,São Paulo,SP,221487,34983,17783,25079,18525,36410,50773,21793,16141,0,0,1584,7343,17662,19980,6016,15001,1121,,
355030240,Cohab Jova Rural,São Paulo,SP,34137,5241,2659,3718,2898,5659,7333,3557,3072,0,0,395,1353,2652,3087,640,1690,1294,,
355030128,Congonhas,São Paulo,SP,956,112,45,50,64,149,214,110,212,15,15,59,38,61,49,8,57,4517,,
35503025,Consolação,São Paulo,SP,30584,1266,627,1788,3466,6581,6556,4076,6224,1102,1663,4513,3041,2541,1370,171,2366,5516,,
355030296,Cratera - Colônia,São Paulo,SP,26273,4397,2280,3270,2125,3859,5962,2569,1811,0,0,0,562,1656,2446,776,2568,843,,
355030152,Emissário,São Paulo,SP,4099,459,188,320,261,746,1043,448,634,49,107,286,277,230,202,68,347,3382,,
355030297,Encruzilhada - Barragem,São Paulo,SP,23161,3889,1951,2736,1805,3307,4765,2534,2174,0,0,61,535,1404,1870,770,2200,894,,
355030246,Ermelino Matarazzo,São Paulo,SP,72861,9947,4836,7238,5891,11559,16912,8367,8111,0,0,1311,3617,6362,6093,1698,4378,1394,,
35503055,Estação Tamanduateí,São Paulo,SP,5869,830,368,661,752,1076,1142,490,550,3,9,31,89,176,479,173,671,915,,
355030170,Eta Guaraú,São Paulo,SP,0,0,0,0,0,0,0,0,0,0,0,0,0,0,0,0,0,,,
355030265,Fábrica Bandeirante,São Paulo,SP,111206,16484,8577,12858,9547,17088,24470,11846,10336,0,0,785,3694,7959,9511,3053,8799,1084,,
355030188,Fazenda Caguaçu,São Paulo,SP,25966,3743,1862,2673,2059,4208,5754,2968,2699,0,0,292,1107,1789,2042,752,2253,1133,,
355030116,Fazenda Da Juta,São Paulo,SP,66237,8975,4634,7149,5466,9973,15487,7701,6852,0,0,801,3295,5593,5384,1858,3719,1296,,
355030263,Fazenda Itaim,São Paulo,SP,111222,17003,8773,12710,9168,17490,24712,12051,9315,0,0,460,3439,8854,9741,3254,8023,1047,,
355030212,Fazenda Morumbi,São Paulo,SP,8687,906,432,616,546,1650,2049,1039,1449,540,325,559,327,320,341,92,552,10252,,
355030158,Freguesia Do Ó,São Paulo,SP,59777,5267,2744,4446,3944,8830,13377,9136,12033,123,1261,5006,4256,4048,3114,734,2563,2981,,
35503016,Gasômetro,São Paulo,SP,6663,819,336,613,677,1264,1514,668,772,0,27,254,429,618,501,102,471,1717,,
355030267,Gleba Pêssego,São Paulo,SP,35453,5930,3002,4103,2762,5653,8421,3315,2267,0,0,139,1061,2901,3579,1200,2271,1063,,
35503021,Glicério,São Paulo,SP,23761,2331,961,1537,1587,4169,5652,3077,4447,395,757,2090,1825,1874,915,296,1213,3947,,
355030291,Grajaú,São Paulo,SP,150639,20958,10747,16137,12378,24911,34039,17027,14442,0,171,2811,6733,12119,11877,4183,9010,1404,,
355030204,Granja Julieta,São Paulo,SP,29609,2158,936,1643,1519,3980,6584,4451,8338,1427,1895,3867,1945,1175,443,188,792,8432,,
355030268,Guaianazes,São Paulo,SP,65699,9282,4677,7315,5265,10121,14518,7289,7232,0,0,771,2860,5288,5624,1846,4508,1224,,
355030279,Guarapiranga,São Paulo,SP,81739,11352,5657,7985,6516,13944,18835,8928,8522,0,0,1688,3964,6990,7392,2199,4925,1408,,
35503061,Heliópolis,São Paulo,SP,48963,7828,3681,5472,4537,9106,10769,4541,3029,0,0,460,1603,4150,4073,1899,3333,1133,,
35503027,Higienópolis,São Paulo,SP,20765,1116,499,1228,1630,2701,3833,3058,6700,1760,1695,2554,1137,807,397,0,1212,9133,,
355030169,Horto Florestal,São Paulo,SP,6843,685,353,557,455,1004,1715,913,1161,35,93,463,509,440,295,100,333,3157,,
355030189,Iguatemi,São Paulo,SP,136563,20724,10471,15429,11234,21246,31199,14642,11618,0,0,1338,5219,10458,11951,4113,8549,1182,,
35503018,Independência,São Paulo,SP,20918,1755,790,1237,1204,2933,4729,3070,5200,426,678,2475,1535,1429,788,239,472,5616,,
355030272,Interlagos,São Paulo,SP,58350,7373,3689,5662,4416,9431,13558,7198,7023,0,204,1197,3330,4804,4491,1046,2866,1616,,
35503038,Ipiranga,São Paulo,SP,21723,1593,727,1226,1146,2889,4877,3378,5887,129,625,2087,2125,1821,812,241,734,3427,,
355030160,Itaberaba,São Paulo,SP,35554,3868,1970,3014,2698,5528,7934,4728,5814,0,159,1449,2632,2809,2298,582,1852,1946,,
355030261,Itaim Paulista,São Paulo,SP,47381,5868,3077,4580,3675,7157,10641,5704,6679,0,126,963,2758,3218,3861,1306,3172,1495,,
355030250,Itaquera,São Paulo,SP,35751,4899,2203,3169,2399,5596,8213,4328,4944,0,132,1581,2152,2320,1998,448,2855,1810,,
355030123,Jabaquara,São Paulo,SP,37618,3279,1548,2481,2636,6101,8322,5526,7725,67,741,4060,2718,2346,1539,523,2060,3017,,
355030238,Jaçanã,São Paulo,SP,46494,4899,2411,3618,3156,6721,9758,6471,9460,0,460,2354,3062,3597,2758,629,2464,2167,,
355030295,Jaceguava,São Paulo,SP,3549,476,224,369,269,518,885,357,451,0,0,120,160,244,218,86,304,1406,,
355030225,Jaguaré,São Paulo,SP,31415,4718,2117,3241,2567,5803,7083,2944,2942,108,383,1296,1303,1940,2656,874,1940,2283,,
355030224,Jardim Adalgiza,São Paulo,SP,47028,5597,2614,4039,3411,7414,11339,6045,6569,984,1228,3088,2247,2696,2755,719,2138,4057,,
355030129,Jardim Aeroporto,São Paulo,SP,21004,1700,772,1219,1262,3286,4677,2876,5212,532,927,2287,1219,1187,577,166,1145,6219,,
355030110,Jardim Anália Franco,São Paulo,SP,33826,2749,1406,2393,2076,4271,7672,5383,7876,682,1169,2621,2140,1734,1193,274,2107,4295,,
355030287,Jardim Ângela,São Paulo,SP,83297,11615,5835,8441,6928,14246,18555,9064,8613,0,0,1124,3574,6656,7596,2352,5810,1224,,
355030125,Jardim Bom Clima,São Paulo,SP,96936,12193,6071,8872,7678,15583,21924,11127,13488,0,426,2919,4953,7519,6689,1870,7357,1609,,
355030266,Jardim Bonifácio,São Paulo,SP,97231,11708,5603,8106,6756,16916,20296,13403,14443,0,0,2753,7110,9123,6938,1707,4777,1654,,
355030175,Jardim Brasil,São Paulo,SP,71478,8424,4064,6215,5522,10708,15230,9091,12224,0,181,2487,3824,6368,5703,1343,3196,1751,,
355030221,Jardim Cambará,São Paulo,SP,42436,5448,2631,3976,3164,6995,9713,5139,5370,0,159,1732,2510,3206,3217,304,2589,1832,,
355030290,Jardim Capela,São Paulo,SP,101574,18123,8776,11974,8225,16715,23078,8854,5829,0,0,348,2441,7448,9087,3529,8170,952,,
355030182,Jardim Coimbra,São Paulo,SP,36745,3761,1984,3141,2635,5254,8386,4936,6648,0,332,1330,2361,3403,2656,349,1957,1989,,
355030113,Jardim Colorado,São Paulo,SP,60445,6429,3209,5073,4436,8446,13552,8411,10889,0,0,1828,3384,5143,3737,1289,4425,1530,,
35503047,Jardim Da Glória,São Paulo,SP,9340,587,287,546,511,1213,1923,1488,2785,195,422,882,637,614,218,97,463,5347,,
35503064,Jardim Da Saúde,São Paulo,SP,20201,1456,709,1208,1145,2532,4323,3234,5594,626,746,1963,1313,1120,596,124,796,5532,,
355030163,Jardim Damsceno,São Paulo,SP,96382,15442,7864,10732,8112,15819,21046,9318,8049,0,0,768,2964,6994,8334,2369,7892,1078,,
355030262,Jardim Das Oliveiras,São Paulo,SP,81544,11693,6057,9203,6634,12415,18266,8918,8358,0,0,812,2987,5973,6891,2277,6097,1147,,
355030236,Jardim Das Pedras,São Paulo,SP,51766,7878,3971,5692,4296,8335,12527,5109,3958,0,0,537,2185,4525,4041,1373,2888,1240,,
355030235,Jardim Do Guapira,São Paulo,SP,104091,13522,6932,10639,8089,16373,23483,12095,12958,35,415,2311,4891,7969,7727,2134,6809,1558,,
355030154,Jardim Domingos,São Paulo,SP,53988,5297,2509,3897,3501,8143,12363,7499,10779,402,1173,3783,3897,3814,2787,562,2574,3113,,
355030140,Jardim Europa,São Paulo,SP,13371,981,470,745,588,1349,2888,2091,4259,2068,722,1230,374,299,67,0,505,21677,,
355030257,Jardim Helena,São Paulo,SP,109270,15503,8006,11986,8789,16643,24380,11941,12022,0,0,929,3983,7080,8041,3037,10127,1056,,
355030222,Jardim João Xxiii,São Paulo,SP,44632,6174,2831,4344,3414,7869,9846,4810,5344,0,100,1499,2027,3174,3625,973,2494,1631,,
355030215,Jardim Jussara,São Paulo,SP,21892,2225,993,1638,1411,3530,5423,2847,3825,599,905,2461,1324,1167,829,23,718,5569,,
35503075,Jardim Lusitânia,São Paulo,SP,2115,106,70,125,119,232,434,366,663,234,116,123,38,48,17,0,82,15113,,
355030200,Jardim Marajoara,São Paulo,SP,41106,3942,1938,3065,2552,5828,10467,6186,7128,1171,2074,4800,1973,1900,1174,294,1539,5842,,
355030216,Jardim Maria Do Carmo,São Paulo,SP,41379,5250,2316,3792,3701,8242,8735,4540,4803,94,757,2584,2124,2273,2025,615,3046,2558,,
355030196,Jardim Miriam,São Paulo,SP,140491,19639,9538,13959,11938,23786,30913,15270,15448,0,66,2364,6292,11478,11739,3683,9706,1320,,
355030283,Jardim Mitsutani,São Paulo,SP,71100,10342,4933,7115,5934,12443,16047,7418,6868,2,44,1209,3395,5805,5707,1548,4987,1355,,
355030155,Jardim Mutinga,São Paulo,SP,36761,5061,2415,3706,2922,5711,8491,4258,4197,0,0,991,1766,2619,2761,704,2814,1424,,
355030139,Jardim Paulistano,São Paulo,SP,20559,1255,469,956,1216,3887,4408,3038,5330,1412,1281,3223,1259,1126,609,0,958,8746,,
355030166,Jardim Peri,São Paulo,SP,72503,11237,5477,8017,6113,11853,15409,7607,6790,0,0,750,3201,6148,5820,1792,4527,1247,,
355030273,Jardim Presidente,São Paulo,SP,79313,10668,5268,7816,6449,12770,17994,9271,9077,0,146,2321,4372,6615,6236,1957,3671,1628,,
35503065,Jardim Providência,São Paulo,SP,22845,2482,1100,1719,1525,3660,4714,3120,4525,209,418,1567,1272,1433,1186,239,1583,3120,,
355030274,Jardim Represa,São Paulo,SP,22828,2563,1306,2020,1714,3330,5107,3015,3773,0,244,1099,1293,1838,1472,444,951,2158,,
355030260,Jardim Robru,São Paulo,SP,81240,11719,6209,8941,6699,12672,18304,8444,8252,0,0,831,3357,5904,7488,1853,5878,1179,,
355030258,Jardim Romano,São Paulo,SP,35132,5365,2690,3833,2917,5873,7424,3593,3437,0,0,370,1014,2625,3105,800,2915,1091,,
355030277,Jardim São Luís,São Paulo,SP,78224,10418,5028,7417,6366,13427,17767,9080,8721,0,217,2311,4165,5867,5759,1737,5746,1559,,
35503099,Jardim São Paulo,São Paulo,SP,40848,2863,1479,2626,2438,5388,8709,6683,10662,1222,1754,4571,2724,2301,1160,489,1248,6510,,
355030281,Jardim Umarizal,São Paulo,SP,51237,7035,3399,4973,3976,8761,11729,5927,5437,139,215,1724,3261,4142,3477,1001,2856,2166,,
35503077,Jardins,São Paulo,SP,11416,808,383,565,560,1499,2497,1716,3388,1202,588,1007,520,353,189,0,767,11135,,
355030130,Joaquim Nabuco,São Paulo,SP,14218,1430,557,891,795,1818,3556,2088,3083,1065,655,1142,843,421,219,0,990,11335,,
355030210,Jockey Clube,São Paulo,SP,4298,301,151,243,275,519,935,694,1180,531,140,181,72,98,73,31,189,19585,,
355030199,Jurubatuba,São Paulo,SP,20549,1975,893,1445,1156,2933,5201,2824,4122,713,791,2318,1346,977,585,186,606,6003,,
355030269,Juscelino Kubitschek,São Paulo,SP,45549,6820,3413,4962,3684,7362,9905,5099,4304,0,0,444,1826,3894,3781,1178,3155,1183,,
3550306,Ladeira Da Memória,São Paulo,SP,23949,1421,644,1187,1821,4730,6048,3412,4686,0,430,2080,3334,2802,2089,367,1606,2360,,
355030264,Lajeado,São Paulo,SP,64327,9879,5176,7225,5280,10086,14190,6567,5924,0,0,560,2026,5060,4846,1397,5881,1067,,
355030144,Lapa,São Paulo,SP,20179,1586,625,1126,1150,2895,4455,3203,5139,721,879,2683,1382,1025,556,0,847,6897,,
355030148,Lapa De Baixo,São Paulo,SP,8485,624,294,509,538,1275,1664,1277,2304,65,158,899,708,682,345,0,452,3633,,
35503019,Liberdade/São Joaquim,São Paulo,SP,17355,1115,512,1235,1693,3634,3534,2290,3342,183,388,1743,1728,1561,844,217,1536,3108,,
35503090,Limão,São Paulo,SP,8466,1168,573,842,738,1395,1934,875,941,0,59,295,344,553,695,178,539,1764,,
355030249,Limoeiro,São Paulo,SP,119634,16966,8575,12832,10067,19137,26692,13975,11390,0,38,1771,4907,8990,9868,3368,8419,1259,,
3550308,Luz,São Paulo,SP,17304,1584,733,1319,1347,2921,3833,2277,3290,0,191,1207,1478,1370,649,158,1179,2370,,
355030168,Mandaqui,São Paulo,SP,108235,10460,5343,8437,7250,15585,26002,15124,20034,681,2099,9111,7819,7147,5291,1331,5035,3231,,
355030192,Mar Paulista,São Paulo,SP,48982,6434,3300,4926,3813,7815,11072,5800,5822,0,198,1103,2720,3925,3734,1016,2837,1589,,
355030298,Marcilac,São Paulo,SP,5809,807,473,646,479,803,1200,718,683,0,0,17,135,331,502,181,582,883,,
35503029,Marechal Deodoro,São Paulo,SP,43550,3208,1416,2520,2772,6921,9593,6242,10878,1766,2277,4815,3438,2933,1348,155,3066,5490,,
35503024,Masp,São Paulo,SP,22120,1038,416,1067,1901,5100,4968,2988,4642,1197,1417,3579,2417,1623,707,190,716,6997,,
355030288,M'Boi Mirim,São Paulo,SP,88421,14087,6782,9823,7616,15178,19704,8372,6859,0,0,469,3350,7112,7840,3149,6352,1083,,
35503070,Mirandópolis,São Paulo,SP,29407,1748,743,1429,1717,4843,6042,4801,8084,1360,1705,4173,2351,1120,622,145,1448,7551,,
35503072,Moema,São Paulo,SP,60709,4607,1757,3051,3144,9882,14562,9801,13905,6982,5362,6631,2481,1881,736,0,3719,11332,,
35503062,Moinho Velho,São Paulo,SP,43145,3742,1772,2856,2750,7054,9581,6016,9374,196,531,3354,3523,2948,2335,429,2863,2921,,
35503035,Mooca,São Paulo,SP,29404,2458,1027,1927,2079,4938,6700,4143,6132,311,804,3176,2443,1736,1252,161,852,4111,,
355030209,Morumbi,São Paulo,SP,15104,1145,588,861,861,2060,3569,2318,3702,1490,932,1312,585,455,271,101,606,14504,,
35503042,Nazaré - Alto Do Ipiranga,São Paulo,SP,35662,2774,1255,2231,2158,5149,7889,5366,8840,604,1121,3286,2711,2364,1559,325,1375,4675,,
355030228,Nova Jaraguá,São Paulo,SP,48393,6332,3428,4766,4018,7539,11261,6062,4987,0,139,1479,2495,4003,3371,729,2569,1704,,
35503051,Oratório,São Paulo,SP,30230,2473,1181,1946,1783,4191,6687,4353,7616,266,641,2180,2189,1875,1533,288,2132,3694,,
35503015,Oriente,São Paulo,SP,4654,544,267,405,443,899,1112,458,526,0,18,157,259,449,277,64,297,1728,,
35503026,Pacaembu,São Paulo,SP,10016,626,288,557,661,1103,2002,1647,3132,1324,564,892,378,251,92,63,433,15057,,
355030234,Palmas Do Tremembé,São Paulo,SP,32280,3709,1858,2743,2271,4684,6986,4379,5650,101,430,1275,1723,2353,2183,488,1897,2267,,
35503080,Pamplona,São Paulo,SP,28380,1641,609,1244,1666,4937,5941,4201,8141,2563,2509,3895,1662,1327,253,0,1772,9843,,
355030229,Parada De Taipas,São Paulo,SP,149250,21575,10879,15402,11427,24493,34208,16694,14572,0,0,3013,6702,12602,12033,4037,8111,1392,,
355030173,Parada Inglesa,São Paulo,SP,39103,3418,1630,2592,2565,5811,8435,5833,8819,198,597,3375,2957,2547,2081,549,1586,3073,,
355030253,Parada Quinze,São Paulo,SP,50830,6140,3190,4563,3551,7795,11743,6308,7540,0,146,1493,3708,4728,3467,911,2294,1765,,
35503049,Paraíso,São Paulo,SP,25642,1629,628,1160,1512,3847,5293,3843,7730,2655,2118,3525,1235,915,324,0,491,11686,,
355030208,Paraisópolis,São Paulo,SP,53410,9770,4320,6261,5764,10762,11383,3210,1940,28,29,249,1285,3954,6202,2271,3489,1049,,
355030294,Parelheiros,São Paulo,SP,87201,13145,7000,9758,6902,14290,19930,9004,7172,0,0,463,2520,6352,7318,2571,7513,1004,,
35503010,Pari,São Paulo,SP,14648,1666,747,1224,1206,2210,3129,1651,2815,0,88,798,907,1296,1037,179,775,2037,,
35503096,Parque Anhembi,São Paulo,SP,1516,201,79,103,107,318,442,119,147,12,41,280,134,34,10,3,8,5723,,
355030282,Parque Arariba,São Paulo,SP,63030,8748,4283,5693,4923,11456,14722,7081,6124,54,474,2375,3108,4482,4059,1295,5038,1809,,
35503033,Parque Belém,São Paulo,SP,9978,1207,444,704,795,2382,2455,899,1092,54,205,855,741,428,495,52,443,3425,,
355030247,Parque Buturussu,São Paulo,SP,48676,5766,2816,4303,3685,7668,10703,6427,7308,0,291,1763,3359,3527,3089,887,2808,1897,,
355030226,Parque Continental,São Paulo,SP,21925,1808,881,1407,1446,3607,4891,2926,4959,258,676,2275,1840,1509,919,278,620,4276,,
35503036,Parque Da Mooca,São Paulo,SP,33293,2774,1232,2140,1877,4358,7765,4855,8292,847,1556,3259,2523,1981,875,231,1459,5209,,
355030186,Parque Do Carmo,São Paulo,SP,2039,407,167,239,209,330,355,191,141,0,0,4,41,69,129,73,218,750,,
35503067,Parque Do Estado,São Paulo,SP,43,2,2,2,4,6,8,9,10,0,0,4,4,5,0,0,0,2891,,
3550301,Parque Dom Pedro,São Paulo,SP,8674,801,423,797,745,1607,2416,911,974,0,36,393,680,1041,523,95,664,1816,,
355030243,Parque Ecológico Tietê,São Paulo,SP,11350,1812,897,1211,982,1853,2574,1045,976,0,1,99,409,740,1115,287,749,1167,,
355030239,Parque Edu Chaves,São Paulo,SP,20577,2407,1101,1702,1445,3379,4358,2665,3520,0,191,896,1213,1557,1395,247,1100,2068,,
355030286,Parque Fernanda,São Paulo,SP,121226,18122,8920,12845,10239,21068,26878,12354,10800,0,27,1315,4843,9692,10526,3657,8693,1187,,
35503074,Parque Ibirapuera,São Paulo,SP,4617,253,136,237,256,623,1038,811,1263,465,448,551,201,149,49,0,202,11613,,
355030276,Parque Interlagos,São Paulo,SP,30301,2502,1262,2103,1815,4053,6615,4463,7488,631,813,2229,2202,1983,1079,359,1234,6905,,
355030231,Parque Morro Doce,São Paulo,SP,55558,8470,4292,6119,4629,9292,13999,5322,3435,0,0,843,2616,5045,5118,1271,2845,1340,,
355030104,Parque Novo Mundo,São Paulo,SP,51027,8006,3679,5591,4296,8641,11007,5048,4759,0,107,831,1918,3938,4712,1517,2928,1365,,
35503093,Parque Peruche,São Paulo,SP,57407,6081,2887,4422,4078,8720,12041,7700,11478,0,748,2958,3916,4544,3041,717,3036,2303,,
355030115,Parque Santa Madalena,São Paulo,SP,88500,11542,5638,8582,6914,14118,19492,10560,11654,0,0,1639,4226,7264,7408,2421,5718,1344,,
35503057,Parque São Lucas,São Paulo,SP,73934,8102,3804,6241,5320,10861,16673,9795,13138,0,250,3579,5309,5803,5092,1274,3966,1969,,
355030121,Parque São Rafael,São Paulo,SP,70505,11796,5948,8397,5628,11018,16049,6460,5209,0,0,441,1881,4865,6094,2578,4978,1035,,
355030185,Parque Savoy,São Paulo,SP,45631,6070,2890,4439,3698,7614,10591,5548,4781,0,5,1481,2284,4107,3527,1166,1952,1667,,
355030191,Pedreira,São Paulo,SP,89506,13562,6720,9649,7578,14850,20408,9274,7465,0,59,833,3171,6118,6392,2027,9344,1043,,
355030176,Penha,São Paulo,SP,36253,3626,1822,2885,2562,5106,7878,4813,7561,0,317,2070,2233,2652,2520,646,2025,2121,,
35503081,Perdizes,São Paulo,SP,47046,3544,1505,2618,2762,7563,10640,7808,10606,3470,4317,5993,2740,1602,537,0,1393,8707,,
355030232,Perus,São Paulo,SP,85745,12486,6432,9186,7011,13271,19927,8986,8446,0,0,852,3295,6743,7364,1866,6114,1164,,
355030227,Pico Do Jaraguá,São Paulo,SP,0,0,0,0,0,0,0,0,0,0,0,0,0,0,0,0,0,,,
355030137,Pinheiros,São Paulo,SP,12382,787,340,588,796,2254,2707,1689,3221,600,646,1850,820,752,225,0,606,8791,,
355030106,Piqueri/Parque São Jorge,São Paulo,SP,46254,4231,1920,3012,2722,7085,11206,6451,9627,834,1803,4837,3396,2832,1799,363,1753,4897,,
355030156,Pirituba,São Paulo,SP,53776,5297,2381,3773,3406,8810,12451,7616,10042,84,869,4871,4320,4144,2719,885,1694,2901,,
35503069,Planalto Paulista,São Paulo,SP,23065,1412,681,1265,1176,2776,4796,3541,7418,815,1075,2360,1421,1255,483,219,1048,5764,,
35503086,Pompéia,São Paulo,SP,14476,1355,430,698,766,2417,3720,2175,2915,755,1137,2254,1126,515,195,0,272,7356,,
355030244,Ponte Rasa,São Paulo,SP,52043,5184,2700,4070,3662,7488,11538,7617,9784,0,302,2409,3529,3741,3826,825,2759,1978,,
355030202,Ponte Transamérica,São Paulo,SP,8991,666,345,574,541,1356,1995,1429,2085,73,277,956,783,591,311,69,288,4129,,
355030214,Portal Do Morumbi,São Paulo,SP,18631,2562,1093,1825,1372,2785,4279,2082,2633,791,634,922,570,673,1339,513,944,6089,,
3550303,Praça João Mendes,São Paulo,SP,16475,1751,862,1317,1555,3289,4053,1718,1930,0,84,642,1157,1934,1262,238,1658,1668,,
35503082,Puc,São Paulo,SP,17397,1003,516,1020,1474,2480,3199,2746,4959,1341,1459,2370,808,653,206,134,529,10064,,
35503032,Quarta Parada,São Paulo,SP,7515,537,269,471,491,1126,1454,1084,2083,46,148,604,664,499,409,39,338,3270,,
355030220,Raposo Tavares,São Paulo,SP,20082,2855,1234,1810,1514,3646,4579,2398,2046,0,0,668,1305,1701,1597,374,1136,1631,,
355030211,Real Parque,São Paulo,SP,22088,2818,1312,1929,1433,3153,5371,2752,3320,1899,700,959,406,583,987,302,1813,12706,,
3550304,República,São Paulo,SP,14861,812,340,668,1090,2799,3776,2191,3185,141,366,1818,1857,1919,790,224,1012,3516,,
355030167,Reserva Da Cantareira,São Paulo,SP,0,0,0,0,0,0,0,0,0,0,0,0,0,0,0,0,0,,,
355030119,Rio Claro,São Paulo,SP,20046,2538,1325,1892,1513,3069,4620,2377,2712,0,0,742,942,1384,1302,316,1858,1506,,
355030223,Rio Pequeno,São Paulo,SP,79567,9128,4319,6593,6203,13671,17844,9772,12037,295,1388,5231,4089,5611,5024,1336,4096,2690,,
355030252,Rio Verde,São Paulo,SP,38519,4869,2373,3445,2918,6147,8834,4658,5275,0,81,1232,1982,3004,2546,712,3079,1531,,
355030289,Riviera,São Paulo,SP,42731,6549,3209,4633,3661,7485,9201,4360,3633,0,0,373,1472,3507,3905,1266,3124,1131,,
355030122,Rodolfo Pirani,São Paulo,SP,83526,11626,5690,8248,6413,13039,19157,9169,10184,0,153,1352,4341,6792,5990,1831,5442,1397,,
35503059,Sacomã,São Paulo,SP,131007,15491,7279,11248,9278,20806,31195,16974,18736,0,1290,7360,8744,9817,7580,2429,7780,2191,,
35503028,Santa Cecília/Campos Elísios,São Paulo,SP,41173,2742,1202,2415,3288,7739,9669,5903,8215,320,933,3673,4456,4200,2766,663,2950,3300,,
35503050,Santa Clara,São Paulo,SP,34523,2932,1422,2438,2091,4621,7502,5157,8360,63,497,2272,2186,2721,1741,563,2145,2419,,
35503045,Santa Cruz,São Paulo,SP,13912,1039,405,830,851,2404,3035,2200,3148,764,883,1539,847,717,229,95,456,8738,,
3550305,Santa Efigênia,São Paulo,SP,22144,2141,800,1653,2176,4435,5191,2682,3066,36,105,1021,1690,2833,1918,344,1554,1978,,
355030184,Santa Marcelina,São Paulo,SP,35027,4478,2252,3438,2620,5583,7953,4446,4257,0,0,1253,2460,2445,2437,637,1893,1765,,
35503089,Santa Marina,São Paulo,SP,2281,369,166,263,157,363,452,238,273,2,11,63,80,122,215,35,167,1600,,
35503094,Santana,São Paulo,SP,6562,412,192,369,420,953,1319,994,1903,100,222,785,609,422,217,63,175,5656,,
355030201,Santo Amaro,São Paulo,SP,17072,1703,691,1052,929,2274,4349,2368,3706,992,992,1551,1097,963,483,14,478,7740,,
35503060,São João Climaco,São Paulo,SP,42020,4296,2035,3191,2913,6572,9460,5786,7767,3,350,2745,3433,3915,2613,555,1202,2389,,
35503056,São Lucas,São Paulo,SP,31381,2805,1383,2160,2095,4516,6729,4613,7080,0,347,1747,2444,2437,1837,350,1921,2222,,
355030117,São Mateus,São Paulo,SP,71515,8970,4589,6909,5760,10942,15545,8943,9857,0,113,1507,3866,5266,4784,1667,5806,1398,,
355030254,São Miguel Paulista,São Paulo,SP,26511,3087,1506,2373,2069,3701,5902,3428,4445,0,99,833,1486,2014,2011,621,1576,1648,,
35503068,Saúde,São Paulo,SP,55175,4337,1880,3240,3476,9359,12625,8531,11727,1437,2836,7562,3610,2325,1796,374,2248,5330,,
355030193,Sete Praias,São Paulo,SP,15860,2222,1062,1614,1257,2645,3675,1847,1538,0,66,364,833,1287,1333,292,770,1607,,
35503084,Sumaré,São Paulo,SP,17017,1072,423,869,921,2910,3687,2671,4464,1066,1209,2172,1257,822,195,0,567,8140,,
355030105,Tatuapé,São Paulo,SP,51812,3616,1925,3425,3131,6445,11980,8329,12961,1837,2371,5354,3042,3111,1699,443,2221,6994,,
355030114,Teotônio Vilela,São Paulo,SP,89182,11994,6009,8706,7208,14427,19355,10894,10589,0,0,1045,4390,8909,7381,2348,4310,1360,,
35503098,Tietê,São Paulo,SP,36762,3224,1659,2582,2403,5169,8349,5637,7739,689,1306,3173,1964,2242,1535,588,1406,4331,,
355030177,Tiquatira,São Paulo,SP,43746,3945,1861,2930,2760,6262,9984,6316,9688,0,503,3444,3694,3753,2228,490,1767,2598,,
355030233,Tremembé,São Paulo,SP,22181,1934,1052,1662,1392,2853,4875,3374,5039,195,646,1505,1618,1557,954,261,864,3478,,
35503079,Trianon,São Paulo,SP,32963,2003,816,1594,1807,4677,6989,5150,9927,4040,2191,4120,1717,905,472,0,2315,12550,,
355030171,Tucuruvi,São Paulo,SP,17667,1191,656,1163,1121,2256,3608,2913,4759,178,594,1965,1563,1015,469,87,477,4198,,
35503030,Várzea Da Barra Funda,São Paulo,SP,4830,570,240,351,291,750,1208,575,845,40,104,275,344,332,185,59,299,2949,,
355030131,Viera De Morais,São Paulo,SP,24098,2013,802,1235,1293,3461,5150,3667,6477,2419,1581,2443,1190,758,447,78,1038,13650,,
35503054,Vila Alpina,São Paulo,SP,68323,6376,3058,4974,4674,10393,15163,9811,13874,0,1032,3884,5221,5620,4458,1035,3331,2332,,
355030147,Vila Anastácio,São Paulo,SP,3409,223,105,190,207,575,661,475,973,46,104,325,228,236,144,1,196,4330,,
355030206,Vila Andrade,São Paulo,SP,47060,6539,2805,3728,3041,7518,12669,5653,5107,3524,2101,2966,1261,1700,1646,588,2691,9020,,
35503085,Vila Anglo Brasileira,São Paulo,SP,13812,1178,457,813,975,2511,2846,1929,3103,189,522,1470,1340,1103,518,0,414,4222,,
355030143,Vila Beatriz,São Paulo,SP,19645,1274,574,1101,1138,2693,4176,3163,5526,1488,1371,2264,1009,676,384,0,711,9406,,
355030108,Vila Califórnia,São Paulo,SP,44677,3980,1999,3221,2722,6240,10335,6196,9984,570,1040,3660,3828,2948,1974,478,1380,4013,,
35503039,Vila Carioca,São Paulo,SP,27747,3857,1937,2979,2471,4699,6487,2657,2660,14,46,368,1181,2331,2743,627,1877,1337,,
355030187,Vila Carmosina,São Paulo,SP,44909,5764,2716,4089,3426,7359,10166,5396,5993,0,128,1615,2760,3322,3348,479,2935,1712,,
355030107,Vila Carrão,São Paulo,SP,44410,3797,1942,3161,2842,5933,9615,6597,10523,236,523,2894,3051,3779,2362,507,1994,2822,,
35503044,Vila Clementino,São Paulo,SP,9849,586,237,446,733,2120,1971,1533,2223,801,785,1226,697,429,127,63,300,10438,,
355030135,Vila Cordeiro,São Paulo,SP,10376,674,304,598,644,1454,2195,1705,2802,346,517,1166,708,691,205,0,527,6544,,
355030259,Vila Curuçá,São Paulo,SP,78207,10213,5356,8032,5721,11660,17523,8963,10739,0,0,1520,3945,5904,6049,1760,5584,1360,,
35503058,Vila Ema,São Paulo,SP,46957,4849,2161,3370,3018,6942,10996,6358,9263,0,396,3470,3566,3992,2431,691,1801,2458,,
355030178,Vila Esperança,São Paulo,SP,56733,5402,2625,4337,3759,8069,12592,7964,11985,0,572,2866,4228,4606,3032,820,3778,2134,,
355030109,Vila Formosa,São Paulo,SP,67582,6706,3447,5255,4607,9533,14637,9655,13742,27,340,2772,4659,5362,4068,938,4933,1854,,
355030100,Vila Guilherme,São Paulo,SP,9294,1010,490,698,707,1630,1900,1154,1705,0,56,378,740,747,651,142,452,2012,,
355030180,Vila Guilhermina,São Paulo,SP,42875,4347,2152,3222,2952,6418,9556,5978,8250,0,269,2452,3354,3312,2775,462,2002,2203,,
35503063,Vila Gumercindo,São Paulo,SP,25187,2114,840,1538,1470,3993,5993,3967,5272,821,1217,3552,1808,840,726,235,474,5824,,
355030172,Vila Gustavo,São Paulo,SP,48292,4078,1930,3412,3209,6894,10232,7404,11133,63,648,4103,4014,3362,2397,578,2062,2774,,
355030150,Vila Hamburguesa,São Paulo,SP,17440,1422,677,1095,970,2440,4329,2710,3797,849,1179,1928,1081,639,387,97,496,7583,,
35503040,Vila Independência,São Paulo,SP,8965,1028,432,698,656,1683,1896,1028,1544,24,164,624,738,735,500,171,367,2833,,
355030145,Vila Ipojuca,São Paulo,SP,22698,1840,753,1154,1192,3302,5353,3347,5757,891,1393,2678,1508,1223,814,120,520,7124,,
355030101,Vila Isolina Mazzei,São Paulo,SP,48825,4612,2157,3409,3127,7249,10680,6904,10687,0,1208,3809,3958,3516,2242,624,1918,2927,,
355030248,Vila Jacuí,São Paulo,SP,32640,4136,2035,2992,2463,4974,7496,3864,4680,0,80,992,1673,2662,2375,720,2102,1614,,
355030153,Vila Jaguará,São Paulo,SP,26631,2512,1224,1889,1769,3941,5758,3881,5657,0,297,1796,2070,2151,1528,393,901,2502,,
355030149,Vila Leopoldina,São Paulo,SP,12913,1486,520,749,597,2154,3904,1559,1944,1066,1096,1342,616,424,184,79,403,9781,,
355030138,Vila Madalena,São Paulo,SP,23612,1631,639,1110,1305,4230,5397,3631,5669,1540,1537,2979,1366,831,637,0,1666,8747,,
355030102,Vila Maria,São Paulo,SP,16754,1519,680,1164,1254,2350,3622,2373,3792,0,234,923,952,1299,1088,209,1217,2117,,
355030103,Vila Maria Alta,São Paulo,SP,53516,5096,2595,4169,4000,8348,11308,7096,10904,0,354,2703,3106,4398,3662,589,3871,1948,,
35503043,Vila Mariana,São Paulo,SP,38935,2280,1010,2133,2642,6248,7695,6237,10690,2664,2573,5159,2544,1956,822,0,1362,10575,,
355030179,Vila Matilde,São Paulo,SP,69391,6957,3404,5572,4628,9741,15428,9723,13938,0,981,4507,5353,4915,3687,1173,3324,2481,,
355030174,Vila Medeiros,São Paulo,SP,67396,6602,3255,5302,4725,9604,14060,9696,14152,0,422,3648,4542,5509,4365,1035,3301,2099,,
355030195,Vila Missionária,São Paulo,SP,84503,12213,5847,8955,7047,14260,18715,8865,8601,0,0,638,3075,6855,7277,2403,6727,1095,,
35503041,Vila Monumento,São Paulo,SP,20177,1646,760,1284,1149,2844,4496,3070,4928,335,1012,2121,1555,1276,622,240,515,5249,,
355030159,Vila Morro Grande,São Paulo,SP,56774,6132,3224,4686,3933,8527,12905,7918,9449,31,281,2667,4099,4680,3892,916,2465,2083,,
35503073,Vila Nova Conceição,São Paulo,SP,10691,843,303,504,513,1532,2502,1663,2831,1432,804,870,376,268,116,0,733,13633,,
355030133,Vila Olímpia,São Paulo,SP,22235,1269,452,1085,1482,4735,5122,3165,4925,1235,1787,3805,1724,949,469,0,986,7754,,
355030256,Vila Progresso,São Paulo,SP,39512,5032,2643,3897,3082,6000,8876,4549,5433,0,0,698,2087,3151,3532,566,2602,1364,,
35503053,Vila Prudente,São Paulo,SP,37320,3122,1500,2346,2195,5162,8384,5628,8983,519,1249,3099,2715,2490,1701,408,1574,4497,,
355030112,Vila Rica,São Paulo,SP,46505,5184,2585,3866,3383,6693,10448,6235,8111,74,105,1665,2533,3175,3363,614,3879,1947,,
355030198,Vila Sabará,São Paulo,SP,10891,1049,479,777,632,1806,2658,1462,2028,41,163,950,1000,914,438,107,350,3095,,
355030126,Vila Santa Catarina,São Paulo,SP,64419,7477,3491,5257,4307,10517,15425,8230,9715,1067,1855,4814,3376,4136,3585,1159,3116,4148,,
355030242,Vila Silvia,São Paulo,SP,84428,10015,5178,7933,6524,13030,19267,10854,11627,0,0,2614,5168,6331,6080,1582,5390,1591,,
355030275,Vila Socorro,São Paulo,SP,10117,986,422,669,661,1680,2384,1391,1924,126,204,806,918,744,533,102,350,4993,,
355030213,Vila Sônia,São Paulo,SP,34061,2908,1462,2253,2076,4579,7557,5227,7999,942,1089,2866,2219,2216,1227,306,1098,5285,,
355030207,Vila Suzana,São Paulo,SP,35403,4127,1890,2678,2433,5855,9107,4608,4705,1726,1522,2458,1186,1166,918,209,3840,7418,,
355030162,Vila Terezinha,São Paulo,SP,122359,18304,9304,13258,9965,19248,26592,12579,13109,0,0,1758,4517,9450,11473,3218,7540,1252,,
355030157,Vila Zatt,São Paulo,SP,125864,14670,7305,11225,9338,18841,28500,16700,19285,8,872,5093,8063,10012,8082,2856,6853,1936,,
355030164,Vista Alegre,São Paulo,SP,106,23,7,15,11,15,26,4,5,0,0,0,6,9,8,2,4,1288,,
